$ANSIBLE_VAULT;1.1;AES256
66633361343434366534353437383836366339383263363533356263333561626164656465353461
3336393734343732366564613237376333396532393630350a313132616233633533313662623765
38336638326332396233366431626438393639333839646638646237376230363635653562653734
6534323764343034350a326434366136353537363634653265613034313239663865623662626462
66663765333164396631343732633738636164613961663335646538303630323563613066663161
61343837623739633964636330356532306233363262633563633464626135343465656364646637
39343138353261666535613861633432346337613962323065316465643166393564386662333236
66666264633931363361636137316366356464653532656631616239396233616531383237633336
30306231353535333462643263653136343962616334636431366334633431336630653736396531
39386563643465383131646664343031373261613261626339633834613766323136373730336236
61363932386564653535663139353663326636366363363132623463363737323738326366646633
32646637633032633736633164623336383664323237616530643931366431633434393662656533
61666662613033363061613634656262393631353866366435363532383439396630666362333738
3063663366626466373962383739333135663433353831663861
